0. 0. 0. 0. 0. 0. 0. 0. 0. 0. 0. 0. 0. 0. 0.
0. 0. 0. 6. 7. 8. 10. 11. 12. 14. 15. 16. 18. 19. 20.
0. 4. 5. 7. 9. 10. 12. 14. 15. 17. 19. 21. 22. 24. 26.
0. 4. 6. 8. 10. 13. 15. 17. 19. 21. 23. 25. 27. 29. 31.
3. 5. 7. 10. 12. 15. 17. 20. 22. 24. 27. 29. 32. 34. 37.
3. 6. 8. 11. 14. 17. 20. 23. 25. 28. 31. 34. 37. 39. 42.
3. 6. 9. 13. 16. 19. 22. 26. 29. 32. 35. 38. 41. 45. 48.
4. 7. 10. 14. 18. 21. 25. 28. 32. 36. 39. 43. 46. 50. 53.
4. 8. 11. 15. 19. 23. 27. 31. 35. 39. 43. 47. 51. 55. 59.
4. 8. 13. 17. 21. 26. 30. 34. 39. 43. 47. 52. 56. 60. 65.
5. 9. 14. 18. 23. 28. 33. 37. 42. 47. 51. 56. 61. 65. 70.
5. 10. 15. 20. 25. 30. 35. 40. 45. 50. 61. 66. 71. 76. 81.
0. 0. 0. 0. 0. 0. 0. 0. 0. 0. 0. 0. 0. 0. 0.
0. 0. 0. 9. 11. 13. 14. 16. 18. 19. 21. 23. 24. 26. 28.
0. 8. 11. 13. 15. 18. 20. 22. 25. 27. 29. 31. 34. 36. 38.
0. 11. 14. 17. 20. 22. 25. 28. 31. 34. 37. 40. 43. 46. 49.
9. 13. 17. 20. 24. 27. 31. 34. 38. 42. 45. 49. 52. 56. 59.
11. 15. 20. 24. 28. 32. 36. 40. 45. 49. 53. 57. 61. 66. 70.
13. 18. 23. 27. 32. 37. 42. 46. 51. 56. 61. 66. 71. 75. 60.
14. 20. 26. 31. 36. 42. 47. 53. 58. 63. 69. 74. 80. 85. 91.
16. 22. 29. 35. 41. 47. 53. 59. 65. 71. 77. 83. 89. 95. 101.
18. 25. 31. 38. 45. 51. 58. 65. 71. 78. 85. 91. 98. 105. 111.
19. 27. 34. 42. 49. 56. 63. 71. 78. 85. 93. 100. 107. 115. 122.
20. 29. 37. 45. 53. 60. 69. 77. 83. 91. 100. 108. 116. 124. 132.
