185
  1   2   3   4   5   6   7   8   9  10  11  12  13  14  15  16  17  18  19  20
 21  22  23  24  25  26  27  28  29  30  31  32  33  34  35  36  37  38  39  40
 41  42  43  44  45  46  47  48  49  50  51  52  53  55  56  57  58  59  60  61
 62  63  64  65  66  67  68  69  70  71  72  73  74  75  76  77  78  79  80  81
 82  83  84  85  86  87  88  89  90  91  92  93  94  95  96  97  98  99 100 101
102 103 104 105 106 107 108 109 110 111 112 113 114 115 116 117 118 119 120 121
122 123 124 125 126 127 128 129 130 131 132 133 134 135 136 137 138 139 140 141
142 143 144 145 146 147 148 149 150 151 152 153 154 155 156 157 158 159 160 161
162 163 164 165 166 167 168 169 170 171 172 173 174 175 176 177 178 179 180 181
182 183 184 185 186
0.0001 0.0061 0.0268 0.0308 0.3375 0.0216 0.3104 0.5992 0.2259 0.0899
0.0000 0.6323 0.5963 0.3211 0.2702 0.2031 0.6412 0.8673 0.0193 0.2035
0.0001 0.3916 0.2745 0.1842 0.0145 0.2952 0.0088 0.5121 0.0001 0.0020
0.0025 0.3659 0.0837 0.0411 0.1310 0.0003 0.7534 0.6240 0.0050 0.0966
0.0104 0.0640 0.2952 0.0033 0.0030 0.0259 0.0003 0.8188 0.0232 0.0103
0.3132 0.0158 0.0006 0.1824 0.0012 0.0113 0.1538 0.4481 0.0112 0.2233
0.1152 0.1738 0.6447 0.0126 0.1726 0.2717 0.0622 0.0004 0.1035 0.1423
0.0019 0.6447 0.0279 0.0483 0.0156 0.0001 0.1307 0.0008 0.0044 0.0005
0.1214 0.0117 0.0053 0.0485 0.4627 0.5622 0.1862 0.0361 0.0644 0.2134
0.0010 0.0011 0.1054 0.0003 0.3111 0.9343 0.7214 0.0005 1.0000 0.0000
0.0042 0.0033 0.4951 0.2674 0.0469 0.0101 0.0038 0.0224 0.4724 0.4016
0.6093 0.2233 0.0387 0.0148 0.3769 0.3526 0.0494 0.0372 0.0002 0.0151
0.4920 0.7941 0.0454 0.5164 0.0277 0.1272 0.3217 0.0339 0.0399 0.0406
0.2099 0.0002 0.6113 0.6990 0.2775 0.2152 0.3326 0.0960 0.3857 0.0274
0.0975 0.0042 0.2438 0.0238 0.5488 0.0065 0.0999 0.8574 0.0136 0.2503
0.0781 0.1539 0.0059 0.0080 0.3454 0.2637 0.8610 0.0061 0.1696 0.6143
0.3923 0.0479 0.7236 0.1198 0.0672 0.1748 0.0002 0.2745 0.7366 0.0007
0.0236 0.2773 0.3326 0.0865 0.0107 0.1839 0.6216 0.0037 0.5476 0.0469
0.0372 0.5792 0.5678 0.0269 0.0030
